layer,pos,token,entropy,top1,prob1,top2,prob2,top3,prob3,top4,prob4,top5,prob5,top6,prob6,top7,prob7,top8,prob8,top9,prob9,top10,prob10,top11,prob11,top12,prob12,top13,prob13,top14,prob14,top15,prob15,top16,prob16,top17,prob17,top18,prob18,top19,prob19,top20,prob20,rest_mass,copy_collapse,entropy_collapse,is_answer
0,16,⟨NEXT⟩,6.114640956424241e-16, simply,1.0,simply,1.0850208331377482e-17,Simply,2.7405512910890037e-31, Simply,1.9655894780918887e-31, simplemente,0.0,,,,,,,,,,,,,,,,,,,,,,,,,,,,,,,0.0,True,True,False
1,16,⟨NEXT⟩,9.97372451570277e-13, simply,1.0,simply,2.1982781805811313e-14,Simply,2.851850501509741e-26, Simply,2.5420761484975225e-27, simplemente,2.6409163899133066e-31,,,,,,,,,,,,,,,,,,,,,,,,,,,,,,,0.0,True,True,False
2,16,⟨NEXT⟩,1.4016844328628311e-07, simply,1.0,simply,5.0877222435019576e-09,Simply,2.6004338641945222e-20, Simply,1.086045533171469e-21, simplemente,1.0039355726419191e-25,,,,,,,,,,,,,,,,,,,,,,,,,,,,,,,0.0,True,True,False
3,16,⟨NEXT⟩,2.948108593507407e-07, simply,1.0,simply,1.1159846380337513e-08,Simply,1.438511422110548e-16, Simply,2.522440955866155e-17, simplemente,1.3939403173728327e-22,,,,,,,,,,,,,,,,,,,,,,,,,,,,,,,0.0,True,True,False
4,16,⟨NEXT⟩,3.224135158496122e-05, simply,0.9999984502792358,simply,1.5551336218777578e-06,Simply,1.3236873890824091e-13, Simply,9.848523906119677e-14, simplemente,4.8428231947815316e-18,,,,,,,,,,,,,,,,,,,,,,,,,,,,,,,0.0,True,True,False
5,16,⟨NEXT⟩,1.7985477514054107e-05, simply,0.9999991655349731,simply,8.305895562443766e-07,Simply,1.2196886556292696e-10, Simply,5.503293133701792e-12, simplemente,2.4287893867102487e-17,,,,,,,,,,,,,,,,,,,,,,,,,,,,,,,3.74799846714069e-09,True,True,False
6,16,⟨NEXT⟩,0.005053804248615823, simply,0.9996035695075989,simply,0.0003961712645832449,Simply,1.9600426526267256e-07, Simply,8.431867648539537e-09, simplemente,2.899077665755555e-14,,,,,,,,,,,,,,,,,,,,,,,,,,,,,,,5.479165599009406e-08,True,True,False
7,16,⟨NEXT⟩,0.0013389060988947081, simply,0.9999105930328369,simply,8.844851981848478e-05,Simply,7.29073917682399e-07, Simply,1.8466110418557946e-07, simplemente,2.28804307314881e-13,,,,,,,,,,,,,,,,,,,,,,,,,,,,,,,4.471209391621045e-08,True,True,False
8,16,⟨NEXT⟩,0.0010696495400532918, simply,0.999932050704956,Simply,6.262848182814196e-05,simply,4.605600224749651e-06, Simply,7.632348797415034e-07, simplemente,5.306212066957805e-12,,,,,,,,,,,,,,,,,,,,,,,,,,,,,,,0.0,True,True,False
9,16,⟨NEXT⟩,0.0035331843711327283, simply,0.999743640422821,Simply,0.0002361956430831924,simply,1.9388562577660196e-05, Simply,6.947649353605811e-07, simple,8.961849595756632e-10,,,,,,,,,,,,,,,,,,,,,,,,,,,,,,,7.971039783782885e-08,True,True,False
10,16,⟨NEXT⟩,0.009238135426035658, simply,0.9992849230766296,simply,0.0003857213305309415,Simply,0.0003267311258241534, Simply,2.5977110453823116e-06, simplemente,4.167452516412595e-08,,,,,,,,,,,,,,,,,,,,,,,,,,,,,,,0.0,True,True,False
11,16,⟨NEXT⟩,0.0126058755101709, simply,0.998915433883667,simply,0.0010322083253413439,Simply,3.175579695380293e-05, Simply,1.9594055629568174e-05, simplemente,8.381512088817544e-07,,,,,,,,,,,,,,,,,,,,,,,,,,,,,,,1.6978719941107556e-07,True,True,False
12,16,⟨NEXT⟩,0.0008156430893072546, simply,0.9999511241912842,Simply,3.7482011975953355e-05,simply,1.0634821592248045e-05, Simply,7.441537377417262e-07, simplemente,6.397108620603831e-08,,,,,,,,,,,,,,,,,,,,,,,,,,,,,,,0.0,True,True,False
13,16,⟨NEXT⟩,0.0005365005091858096, simply,0.9999692440032959,Simply,2.0031837266287766e-05,simply,1.0057090548798442e-05, Simply,3.711386113991466e-07, simple,1.0055391896912624e-07,,,,,,,,,,,,,,,,,,,,,,,,,,,,,,,1.9537635864708136e-07,True,True,False
14,16,⟨NEXT⟩,0.0005676292430281224, simply,0.9999676942825317,Simply,2.137121555279009e-05,simply,9.514001249044668e-06, Simply,3.846524805339868e-07, simple,3.7544685937973554e-07,,,,,,,,,,,,,,,,,,,,,,,,,,,,,,,6.60401326513238e-07,True,True,False
15,16,⟨NEXT⟩,0.004125275626968973, simply,0.9997350573539734,Simply,0.0001170231553260237,simply,7.168041338445619e-05, simple,3.841696889139712e-05, Simply,9.139496796706226e-06,,,,,,,,,,,,,,,,,,,,,,,,,,,,,,,2.86826116280281e-05,True,True,False
16,16,⟨NEXT⟩,0.01827003140693977, simply,0.9984477758407593,Simply,0.001321147894486785,"

",9.749502351041883e-05,"
",4.010677366750315e-05,simply,3.228834975743666e-05,,,,,,,,,,,,,,,,,,,,,,,,,,,,,,,6.118611781857908e-05,True,True,False
17,16,⟨NEXT⟩,0.02012287171625118, simply,0.9983367919921875,Simply,0.0012545237550511956,simply,0.0001719210558803752,"

",0.0001326060009887442,"
",2.3107109882403165e-05,,,,,,,,,,,,,,,,,,,,,,,,,,,,,,,8.105008600978181e-05,True,True,False
18,16,⟨NEXT⟩,0.21374137135784277, simply,0.9704177379608154,Simply,0.02548450604081154,simply,0.0033761588856577873,SIMPLE,0.0003537615411914885, simple,0.00013884404324926436,,,,,,,,,,,,,,,,,,,,,,,,,,,,,,,0.00022899152827449143,True,True,False
19,16,⟨NEXT⟩,0.19356686050705557, simply,0.9767535924911499,Simply,0.016363143920898438,SIMPLE,0.0025959727354347706, simple,0.002211581217125058,simply,0.0014725648798048496,,,,,,,,,,,,,,,,,,,,,,,,,,,,,,,0.0006031447555869818,True,True,False
20,16,⟨NEXT⟩,0.8069182623032011, simply,0.8120520114898682,Simply,0.1661740243434906,simply,0.020055953413248062,SIMPLE,0.0010494495509192348, Einfach,0.00014366692630574107,,,,,,,,,,,,,,,,,,,,,,,,,,,,,,,0.0005248942761681974,False,True,False
21,16,⟨NEXT⟩,0.28044282169883544, simply,0.9546640515327454,Simply,0.04300757497549057,simply,0.0022026943042874336, Simply,8.265548967756331e-05, plain,1.3615524039778393e-05,,,,,,,,,,,,,,,,,,,,,,,,,,,,,,,2.9408173759293277e-05,True,True,False
22,16,⟨NEXT⟩,0.09508646668854877, simply,0.9890445470809937,Simply,0.009242421016097069,simply,0.0015747660072520375, Просто,2.566828698036261e-05, Einfach,2.294417572556995e-05,,,,,,,,,,,,,,,,,,,,,,,,,,,,,,,8.965343295130879e-05,True,True,False
23,16,⟨NEXT⟩,0.028840805306318478, simply,0.9974107146263123,Simply,0.002151125343516469, simple,0.00015936046838760376,simply,0.00014259826275520027, plain,6.687347922706977e-05,,,,,,,,,,,,,,,,,,,,,,,,,,,,,,,6.932781980140135e-05,True,True,False
24,16,⟨NEXT⟩,0.011474329094963648, simply,0.9990816116333008,Simply,0.0006739437812939286,simply,0.0002291934215463698, Simply,1.0212164852418937e-05, simple,1.1045030987588689e-06,,,,,,,,,,,,,,,,,,,,,,,,,,,,,,,3.93449590774253e-06,True,True,False
25,16,⟨NEXT⟩,0.08677106252366926, simply,0.9917145371437073, plain,0.0032993704080581665,Simply,0.003081757575273514, straight,0.0010313326492905617,simply,0.0004453330475371331,,,,,,,,,,,,,,,,,,,,,,,,,,,,,,,0.00042766917613334954,True,True,False
26,16,⟨NEXT⟩,0.005609489262951161, simply,0.9996167421340942,Simply,0.0002527760516386479, straight,5.2727053116541356e-05, “,3.2648054911987856e-05,simply,1.4750588889000937e-05,,,,,,,,,,,,,,,,,,,,,,,,,,,,,,,3.0356117349583656e-05,True,True,False
27,16,⟨NEXT⟩,0.7733734762090374, “,0.8431392312049866," """,0.12173614650964737, simply,0.030600011348724365, ',0.003353516571223736, ‘,0.00044338981388136744,,,,,,,,,,,,,,,,,,,,,,,,,,,,,,,0.0007277045515365899,False,True,False
28,16,⟨NEXT⟩,0.2677389147340583, simply,0.9637181162834167, “,0.01839771308004856," """,0.016991496086120605, ',0.0005810534348711371,Simply,0.000174858229001984,,,,,,,,,,,,,,,,,,,,,,,,,,,,,,,0.00013676288654096425,True,True,False
29,16,⟨NEXT⟩,0.8087880576833815," """,0.7519927620887756, “,0.24796102941036224, ',3.276408460806124e-05, simply,1.2518280527729075e-05, ‘,4.303173284370132e-07,,,,,,,,,,,,,,,,,,,,,,,,,,,,,,,4.958183978942543e-07,False,True,False
30,16,⟨NEXT⟩,0.3385340036200444," """,0.9372429251670837, “,0.06273939460515976, ',1.6608226360403933e-05,",",9.23304639854905e-07, ‘,8.052364819377544e-08,,,,,,,,,,,,,,,,,,,,,,,,,,,,,,,6.81731080476311e-08,False,True,False
31,16,⟨NEXT⟩,0.0945755922241608," """,0.9878848195075989, “,0.012110129930078983, ',4.975483534508385e-06,",",1.0162654007217498e-07, ,6.217660608598408e-09,,,,,,,,,,,,,,,,,,,,,,,,,,,,,,,0.0,False,True,False
32,16,⟨NEXT⟩,0.16570807882439265," """,0.9756076335906982, “,0.02436979115009308, ',2.0711795514216647e-05,",",1.7325093040199135e-06, ,8.981280785747003e-08,,,,,,,,,,,,,,,,,,,,,,,,,,,,,,,4.114158258516909e-08,False,True,False
33,16,⟨NEXT⟩,0.0397345438134151," """,0.9957523345947266, “,0.004233537241816521, ',1.019643787003588e-05,",",3.3452079151174985e-06, ,5.680475965164078e-07,,,,,,,,,,,,,,,,,,,,,,,,,,,,,,,1.8470075247023487e-08,False,True,False
34,16,⟨NEXT⟩,0.3662386888475342," """,0.9302671551704407, “,0.06960973143577576, ',0.00012207921827211976,",",7.600679055030923e-07, ,1.9991529143226217e-07,,,,,,,,,,,,,,,,,,,,,,,,,,,,,,,7.419231451422093e-08,False,True,False
35,16,⟨NEXT⟩,0.03684901352278106," """,0.9961268305778503, “,0.003845964325591922, ',2.6723140763351694e-05,",",5.044279873800406e-07, ,5.1487091923263506e-08,,,,,,,,,,,,,,,,,,,,,,,,,,,,,,,0.0,False,True,False
36,16,⟨NEXT⟩,0.45893243615703844," """,0.9033492803573608, “,0.09660034626722336, ',4.666771928896196e-05,",",2.78552874988236e-06, ,8.345126047970552e-07,,,,,,,,,,,,,,,,,,,,,,,,,,,,,,,8.561477216062485e-08,False,True,False
37,16,⟨NEXT⟩,0.22089374284626254," """,0.964866042137146, “,0.03499433398246765, ',0.0001293956593144685,",",9.535756362311076e-06, ,7.454806336681941e-07,,,,,,,,,,,,,,,,,,,,,,,,,,,,,,,0.0,False,True,False
38,16,⟨NEXT⟩,0.0680773706669314," """,0.9919381737709045, “,0.008020797744393349, Berlin,2.4696604668861255e-05, ',1.2647567928070202e-05,",",3.422966756261303e-06,,,,,,,,,,,,,,,,,,,,,,,,,,,,,,,2.613453489175299e-07,False,True,False
39,16,⟨NEXT⟩,0.024173360082865955," """,0.9976582527160645, “,0.002297630999237299, ',4.1417210013605654e-05,",",1.7598528074813657e-06, Berlin,8.277767733488872e-07,,,,,,,,,,,,,,,,,,,,,,,,,,,,,,,1.1144510381200234e-07,False,True,False
40,16,⟨NEXT⟩,0.016254584188466495," """,0.9986259937286377, “,0.0010828350204974413, Berlin,0.0002549267665017396, ',3.090760947088711e-05,",",4.093950792594114e-06,,,,,,,,,,,,,,,,,,,,,,,,,,,,,,,1.2429240996425506e-06,False,True,False
41,16,⟨NEXT⟩,1.0112579870733147," """,0.5054337382316589, Berlin,0.49349188804626465, “,0.001036306144669652, ',2.6472858735360205e-05,",",6.265706815611338e-06,,,,,,,,,,,,,,,,,,,,,,,,,,,,,,,5.329011855792487e-06,False,False,False
42,16,⟨NEXT⟩,0.37004935143836415, Berlin,0.9297738075256348," """,0.0698946863412857, “,0.000293926103040576, ',1.645445081521757e-05,",",1.0041306268249173e-05,,,,,,,,,,,,,,,,,,,,,,,,,,,,,,,1.1084272955486085e-05,False,True,True
