layer,pos,token,entropy,top1,prob1,top2,prob2,top3,prob3,top4,prob4,top5,prob5,top6,prob6,top7,prob7,top8,prob8,top9,prob9,top10,prob10,top11,prob11,top12,prob12,top13,prob13,top14,prob14,top15,prob15,top16,prob16,top17,prob17,top18,prob18,top19,prob19,top20,prob20,rest_mass,copy_collapse,entropy_collapse,is_answer
0,16,⟨NEXT⟩,14.961447715759277,dabei,4.45477562607266e-05,/******/,4.348722723079845e-05,座,4.3319116230122745e-05,ogy,4.268232805770822e-05,ppe,4.239009285811335e-05,,,,,,,,,,,,,,,,,,,,,,,,,,,,,,,0.9997835734793625,False,False,False
1,16,⟨NEXT⟩,14.929048538208008,biologie,0.0001193326897919178,kennis,0.00010711212235037237,gepubliceerd,9.489677904639393e-05,mån,8.654136763652787e-05,̧,8.47683913889341e-05,,,,,,,,,,,,,,,,,,,,,,,,,,,,,,,0.9995073486497859,False,False,False
2,16,⟨NEXT⟩,14.825355529785156,",",0.0003075046988669783,[…],0.0002974675444420427,/******/,0.0001890036219265312,Inject,0.00018820830155164003,kennis,0.00018804722640197724,,,,,,,,,,,,,,,,,,,,,,,,,,,,,,,0.9988297686068108,False,False,False
3,16,⟨NEXT⟩,14.877055168151855,[…],0.0001881774514913559,kennis,0.00017001311061903834,adt,0.000168652375577949,",",0.00016619704547338188,▸,0.00014689782983623445,,,,,,,,,,,,,,,,,,,,,,,,,,,,,,,0.999160062187002,False,False,False
4,16,⟨NEXT⟩,14.85381031036377,[…],0.000328941474435851,",",0.0002258065069327131,kennis,0.00021501345327124,ohl,0.00016625078569632024,eston,0.00015458518464583904,,,,,,,,,,,,,,,,,,,,,,,,,,,,,,,0.998909402595018,False,False,False
5,16,⟨NEXT⟩,14.826517105102539,[…],0.0010920463828369975,­,0.00019673070346470922,ohl,0.00019154578330926597,ices,0.00018157879821956158,enson,0.00018039948190562427,,,,,,,,,,,,,,,,,,,,,,,,,,,,,,,0.9981576988502638,False,False,False
6,16,⟨NEXT⟩,14.83777141571045,[…],0.0010619949316605926,­,0.00019535236060619354,ifiable,0.00016978250641841441,fy,0.0001633427746128291,uler,0.0001512961753178388,,,,,,,,,,,,,,,,,,,,,,,,,,,,,,,0.9982582312513841,False,False,False
7,16,⟨NEXT⟩,14.804939270019531,[…],0.0007455924060195684,fy,0.00031648745061829686,minded,0.0002260492037748918,eval,0.00021515747357625514,ifiable,0.00020934884378220886,,,,,,,,,,,,,,,,,,,,,,,,,,,,,,,0.9982873646222288,False,False,False
8,16,⟨NEXT⟩,14.821022033691406,[…],0.0010417059529572725,‐,0.0001926798722706735,­,0.00019220852118451148,ices,0.00018058481509797275,kennis,0.0001706272450974211,,,,,,,,,,,,,,,,,,,,,,,,,,,,,,,0.9982221935933921,False,False,False
9,16,⟨NEXT⟩,14.775529861450195,[…],0.0008096365490928292,‐,0.0003115807194262743,kennis,0.0003108148812316358,rite,0.0002609450602903962,ices,0.00024219710030592978,,,,,,,,,,,,,,,,,,,,,,,,,,,,,,,0.9980648256896529,False,False,False
10,16,⟨NEXT⟩,14.781633377075195,[…],0.0009244317770935595,­,0.0004827133670914918,‐,0.0004050188581459224,‑,0.00028098313487134874,Generic,0.00025238152011297643,,,,,,,,,,,,,,,,,,,,,,,,,,,,,,,0.9976544713426847,False,False,False
11,16,⟨NEXT⟩,14.736263275146484,[…],0.0025548499543219805,­,0.0011836054036393762,‐,0.0005407771095633507,‑,0.00027555529959499836,"""",0.00026571587659418583,,,,,,,,,,,,,,,,,,,,,,,,,,,,,,,0.9951794963562861,False,False,False
12,16,⟨NEXT⟩,14.641843795776367,[…],0.005416355095803738,­,0.0027002780698239803,‐,0.0007242205902002752,Â,0.0005916621303185821,"""",0.0003970901307184249,,,,,,,,,,,,,,,,,,,,,,,,,,,,,,,0.990170393983135,False,False,False
13,16,⟨NEXT⟩,14.726057052612305,[…],0.003751728218048811,­,0.0013909395784139633,‐,0.00042784036486409605,Â,0.00039826598367653787,Roose,0.0003704171103890985,,,,,,,,,,,,,,,,,,,,,,,,,,,,,,,0.9936608087446075,False,False,False
14,16,⟨NEXT⟩,14.653108596801758,[…],0.007233885582536459,­,0.0022562891244888306,Â,0.0007060354691930115,mate,0.00044373126002028584,Ã,0.00038451378350146115,,,,,,,,,,,,,,,,,,,,,,,,,,,,,,,0.98897554478026,False,False,False
15,16,⟨NEXT⟩,14.44965934753418,[…],0.020658811554312706,­,0.0033364929258823395,Â,0.0009660174255259335,Ã,0.0008086246089078486,‐,0.0005810775328427553,,,,,,,,,,,,,,,,,,,,,,,,,,,,,,,0.9736489759525284,False,False,False
16,16,⟨NEXT⟩,14.599835395812988,[…],0.005789982154965401,­,0.001360038761049509,simply,0.0006763493292964995,Â,0.000631581642664969,Ã,0.0006178292678669095,,,,,,,,,,,,,,,,,,,,,,,,,,,,,,,0.9909242188441567,False,False,False
17,16,⟨NEXT⟩,14.62778377532959,[…],0.003180468687787652,Fuck,0.000781989423558116,➤,0.0006025390466675162,Generic,0.0004911870928481221,simply,0.0004618114326149225,,,,,,,,,,,,,,,,,,,,,,,,,,,,,,,0.9944820043165237,False,False,False
18,16,⟨NEXT⟩,14.519685745239258,[…],0.008554670959711075,simply,0.0011549292830750346,"""",0.0010639061219990253,Fuck,0.0008531969506293535,➤,0.0006893117097206414,,,,,,,,,,,,,,,,,,,,,,,,,,,,,,,0.9876839849748649,False,False,False
19,16,⟨NEXT⟩,14.510417938232422,[…],0.006174466107040644,simply,0.005830097012221813,"""",0.001313050976023078,Simply,0.0009328594896942377,➤,0.0008981205755844712,,,,,,,,,,,,,,,,,,,,,,,,,,,,,,,0.9848514058394358,False,False,False
20,16,⟨NEXT⟩,14.424242973327637,simply,0.008367146365344524,[…],0.006973280571401119,"""",0.0013846085639670491,“,0.0012936822604387999,Germany,0.001195260090753436,,,,,,,,,,,,,,,,,,,,,,,,,,,,,,,0.9807860221480951,False,False,False
21,16,⟨NEXT⟩,14.347416877746582,simply,0.005979341454803944,“,0.0047492836602032185,"""",0.004390671383589506,capital,0.003367610042914748,„,0.0033268481492996216,,,,,,,,,,,,,,,,,,,,,,,,,,,,,,,0.978186245309189,False,False,False
22,16,⟨NEXT⟩,14.387438774108887,“,0.00465115113183856,"""",0.00340747251175344,simply,0.0027142956387251616,‘,0.0025522203650325537,„,0.0024838249664753675,,,,,,,,,,,,,,,,,,,,,,,,,,,,,,,0.9841910353861749,False,False,False
23,16,⟨NEXT⟩,14.395299911499023,simply,0.007117137778550386,“,0.004058517049998045,"""",0.0035444265231490135,„,0.0025769141502678394,‘,0.0024098572321236134,,,,,,,,,,,,,,,,,,,,,,,,,,,,,,,0.9802931472659111,False,False,False
24,16,⟨NEXT⟩,14.212363243103027,simply,0.008985909633338451,“,0.006970746908336878,"""",0.005622061435133219,„,0.004318990744650364,‘,0.003936300054192543,,,,,,,,,,,,,,,,,,,,,,,,,,,,,,,0.9701659912243485,False,False,False
25,16,⟨NEXT⟩,13.598552703857422,Berlin,0.03349851071834564,Germany,0.033013731241226196,Frankfurt,0.009740528650581837,Deutschland,0.007742945104837418,German,0.005372191779315472,,,,,,,,,,,,,,,,,,,,,,,,,,,,,,,0.9106320925056934,False,False,True
26,16,⟨NEXT⟩,13.540895462036133,Berlin,0.042243458330631256,Germany,0.025418510660529137,Frankfurt,0.010427533648908138,"""",0.007686757482588291,“,0.007614449597895145,,,,,,,,,,,,,,,,,,,,,,,,,,,,,,,0.906609290279448,False,False,True
27,16,⟨NEXT⟩,13.296382904052734,Berlin,0.06446804106235504,Germany,0.024259885773062706,"""",0.009685319848358631,Frankfurt,0.00872862059623003,“,0.007976962253451347,,,,,,,,,,,,,,,,,,,,,,,,,,,,,,,0.8848811704665422,False,False,True
28,16,⟨NEXT⟩,13.296180725097656,Berlin,0.04078865423798561,“,0.023173127323389053,"""",0.020863862708210945,„,0.014074857346713543,Germany,0.01120665855705738,,,,,,,,,,,,,,,,,,,,,,,,,,,,,,,0.8898928398266435,False,False,True
29,16,⟨NEXT⟩,11.426934242248535,"""",0.07059735059738159,Berlin,0.06917604058980942,“,0.05803926661610603,‘,0.028900640085339546,',0.02736932411789894,,,,,,,,,,,,,,,,,,,,,,,,,,,,,,,0.7459173779934645,False,False,False
30,16,⟨NEXT⟩,10.797035217285156,“,0.10250955820083618,"""",0.09061551839113235,Berlin,0.05293168127536774,‘,0.02894665114581585,',0.020356085151433945,,,,,,,,,,,,,,,,,,,,,,,,,,,,,,,0.7046405058354139,False,False,False
31,16,⟨NEXT⟩,10.994311332702637,"""",0.09347883611917496,“,0.07875172793865204,Berlin,0.03668012097477913,',0.026261117309331894,‘,0.026049943640828133,,,,,,,,,,,,,,,,,,,,,,,,,,,,,,,0.7387782540172338,False,False,False
32,16,⟨NEXT⟩,3.611043691635132,Berlin,0.38216397166252136,"""",0.17429791390895844,“,0.10482073575258255,',0.05756298452615738,Germany,0.051373258233070374,,,,,,,,,,,,,,,,,,,,,,,,,,,,,,,0.2297811359167099,False,False,True
